23552 : {2, 4, 6, 8, 10, 11, 12, 17, 18}
23554 : {0, 2, 4, 6, 8, 10, 11, 12, 17}
23458 : {0, 2, 4, 6, 8, 10, 11, 12, 14, 17, 18}
23557 : {0, 2, 4, 6, 8, 10, 11, 17}
23560 : {0, 2, 4, 6, 8, 10, 11, 14, 17, 18}
23497 : {0, 2, 4, 6, 8, 10, 11, 12, 17, 18}
23498 : {0, 2, 4, 6, 8, 10, 11, 12, 14, 17, 18}
23563 : {0, 2, 4, 6, 8, 10, 11, 12, 14, 17, 18}
23598 : {0, 2, 4, 6, 8, 10, 11, 12, 17}
23602 : {1, 2, 4, 6, 8, 10, 11, 12, 14, 17, 18}
23577 : {2, 4, 6, 8, 10, 11, 17}
23482 : {0, 2, 4, 6, 8, 10, 11, 12, 14, 17, 18}
23613 : {0, 2, 4, 6, 8, 10, 11, 12, 14, 17, 18}
=====================================================================
23553 : {0, 2, 4, 6, 8, 10, 11, 12, 14, 18}
23458 : {0, 2, 4, 6, 8, 10, 11, 12, 14, 17, 18}
23654 : {0, 2, 6, 8, 10, 11, 12, 17, 18}
23497 : {0, 2, 4, 6, 8, 10, 11, 12, 17, 18}
23498 : {0, 2, 4, 6, 8, 10, 11, 12, 14, 17, 18}
23563 : {0, 2, 4, 6, 8, 10, 11, 12, 14, 17, 18}
23531 : {0, 2, 6, 8, 10, 11, 12, 14, 17, 18}
23533 : {0, 2, 4, 6, 8, 11, 12, 18}
23534 : {0, 2, 6, 8, 11, 12, 18}
23482 : {0, 2, 4, 6, 8, 10, 11, 12, 14, 17, 18}
23611 : {0, 2, 6, 8, 10, 11, 12, 18}
23613 : {0, 2, 4, 6, 8, 10, 11, 12, 14, 17, 18}
23487 : {0, 2, 6, 8, 11, 12, 18}
=====================================================================
